0 
0 
0 
0 
0 
0 
0 
0 
0 
0 
0 
0 
0 
0 
0 
0 
0 
0 
0 
0 
0 
0 
0 
0 
0 
0 
0 
0 
0 
0 
0 
0 
0 
0 
0 
0 
0 
2 
3 
0 
0 
0 
0 
0 
0 
0 
0 
0 
0 
0 
0 
0 
0 
0 
0 
0 
0 
0 
0 
0 
0 
0 
0 
0 
0 
0 
0 
0 
0 
0 
0 
0 
0 
0 
0 
27981 
4778 
23397 
30394 
-12694 
30351 
-8588 
-30425 
12241 
28509 
-32422 
12523 
-19584 
28058 
-22721 
2670 
-7634 
11809 
-23377 
-20295 
4048 
13095 
30714 
-505 
31467 
2110 
16275 
-9604 
-1381 
-14253 
-26502 
22463 
-16204 
16178 
4426 
6050 
-25084 
0 
0 
0 
0 
0 
0 
0 
0 
0 
0 
0 
0 
0 
0 
0 
0 
0 
0 
0 
0 
0 
0 
0 
0 
0 
0 
0 
0 
0 
0 
0 
0 
0 
0 
0 
0 
0 
