0 
0 
0 
0 
0 
0 
0 
0 
0 
0 
0 
0 
0 
0 
0 
0 
0 
0 
0 
0 
0 
0 
0 
0 
0 
0 
0 
0 
0 
0 
0 
0 
0 
0 
0 
0 
0 
0 
0 
0 
0 
0 
0 
0 
0 
0 
0 
0 
0 
0 
0 
2 
3 
0 
0 
0 
0 
0 
0 
0 
0 
0 
0 
0 
0 
0 
0 
0 
0 
0 
0 
0 
0 
0 
0 
0 
0 
0 
0 
0 
0 
0 
0 
0 
0 
0 
0 
0 
0 
0 
0 
0 
0 
0 
0 
0 
0 
0 
0 
0 
0 
0 
0 
15070 
1263 
1313 
-1490 
-19453 
1919 
25602 
-14950 
-7965 
9522 
1955 
-25473 
18353 
-13106 
-18643 
-12049 
-12150 
-738 
-24647 
8824 
7921 
-29215 
27939 
7101 
22008 
3481 
-6791 
27227 
-16918 
16487 
24179 
-10999 
3937 
-16280 
-8603 
-27306 
1659 
-20967 
-20653 
22478 
-20672 
21784 
-11474 
13385 
-16072 
1903 
9331 
14348 
-17623 
28350 
-31808 
0 
0 
0 
0 
0 
0 
0 
0 
0 
0 
0 
0 
0 
0 
0 
0 
0 
0 
0 
0 
0 
0 
0 
0 
0 
0 
0 
0 
0 
0 
0 
0 
0 
0 
0 
0 
0 
0 
0 
0 
0 
0 
0 
0 
0 
0 
0 
0 
0 
0 
0 
